4
linear   essential      -0.250000   0.750000
linear   non-essential   0.000000   1.000000
linear   non-essential   0.000000   1.000000
linear   non-essential   0.000000   1.000000

ক 1
significant   elliptical     1
	  0.284069  1.199819  0.200253  0.329638
	  0.000100  0.000100  0.000100  0.000100

ৈক 1
significant   elliptical     1
	  0.364426  1.985078  0.268289  0.328694
	  0.000100  0.000100  0.000100  0.000100

কঁ 1
significant   elliptical     1
	  0.231336  0.989968  0.229763  0.324339
	  0.000100  0.000100  0.000100  0.000100

কঃ 1
significant   elliptical     1
	  0.472337  1.305109  0.217257  0.333318
	  0.000100  0.000100  0.000100  0.000100

ক় 1
significant   elliptical     1
	  0.355803  0.678666  0.207550  0.304124
	  0.000100  0.000100  0.000100  0.000100

কী 1
significant   elliptical     1
	  0.461446  1.296655  0.191788  0.329818
	  0.000100  0.000100  0.000100  0.000100

কু 1
significant   elliptical     1
	 -0.135729  0.125811  0.062650  0.163556
	  0.000100  0.000100  0.000100  0.000100

কৃ 1
significant   elliptical     1
	  0.476529  1.183386  0.203529  0.330909
	  0.000100  0.000100  0.000100  0.000100

খ 1
significant   elliptical     1
	  0.249614  0.628782  0.144924  0.321071
	  0.000100  0.000100  0.000100  0.000100

ৈখ 1
significant   elliptical     1
	  0.382611  1.220634  0.212266  0.328792
	  0.000100  0.000100  0.000100  0.000100

খঁ 1
significant   elliptical     1
	  0.289898  0.654529  0.153132  0.332547
	  0.000100  0.000100  0.000100  0.000100

খঃ 1
significant   elliptical     1
	  0.415104  0.869217  0.204928  0.333407
	  0.000100  0.000100  0.000100  0.000100

খী 1
significant   elliptical     1
	  0.392805  0.886307  0.196124  0.307376
	  0.000100  0.000100  0.000100  0.000100

খু 1
significant   elliptical     1
	 -0.079931  0.123851  0.078601  0.159340
	  0.000100  0.000100  0.000100  0.000100

খৃ 1
significant   elliptical     1
	  0.400442  0.835001  0.193990  0.306659
	  0.000100  0.000100  0.000100  0.000100

গ 1
significant   elliptical     1
	  0.319946  0.592051  0.149288  0.331278
	  0.000100  0.000100  0.000100  0.000100

ৈগ 1
significant   elliptical     1
	  0.430208  1.146553  0.207038  0.328445
	  0.000100  0.000100  0.000100  0.000100

গঁ 1
significant   elliptical     1
	  0.301173  0.702507  0.161144  0.305914
	  0.000100  0.000100  0.000100  0.000100

গঃ 1
significant   elliptical     1
	  0.455082  0.837714  0.208775  0.327217
	  0.000100  0.000100  0.000100  0.000100

গী 1
significant   elliptical     1
	  0.462009  0.830110  0.199686  0.315751
	  0.000100  0.000100  0.000100  0.000100

গৃ 1
significant   elliptical     1
	  0.486340  0.845421  0.193440  0.332189
	  0.000100  0.000100  0.000100  0.000100

ঘ 1
significant   elliptical     1
	  0.330600  0.691182  0.151686  0.332605
	  0.000100  0.000100  0.000100  0.000100

ৈঘ 1
significant   elliptical     1
	  0.417199  1.267553  0.236921  0.323082
	  0.000100  0.000100  0.000100  0.000100

ঘঁ 1
significant   elliptical     1
	  0.301791  0.781521  0.162173  0.333561
	  0.000100  0.000100  0.000100  0.000100

ঘঃ 1
significant   elliptical     1
	  0.391357  0.981712  0.228413  0.333155
	  0.000100  0.000100  0.000100  0.000100

ঘী 1
significant   elliptical     1
	  0.417422  0.962604  0.232820  0.333441
	  0.000100  0.000100  0.000100  0.000100

ঘৃ 1
significant   elliptical     1
	  0.442114  1.015818  0.223159  0.318186
	  0.000100  0.000100  0.000100  0.000100

ঙ 1
significant   elliptical     1
	  0.347487  1.023238  0.227688  0.314295
	  0.000100  0.000100  0.000100  0.000100

ৈঙ 1
significant   elliptical     1
	  0.385064  1.292611  0.251954  0.313319
	  0.000100  0.000100  0.000100  0.000100

ঙঁ 1
significant   elliptical     1
	  0.376764  0.922782  0.235769  0.333025
	  0.000100  0.000100  0.000100  0.000100

ঙঃ 1
significant   elliptical     1
	  0.354787  1.061365  0.226420  0.328452
	  0.000100  0.000100  0.000100  0.000100

ঙী 1
significant   elliptical     1
	  0.362805  1.086644  0.236233  0.316662
	  0.000100  0.000100  0.000100  0.000100

ঙু 1
significant   elliptical     1
	 -0.085945  0.125193  0.067786  0.171321
	  0.000100  0.000100  0.000100  0.000100

ঙৃ 1
significant   elliptical     1
	  0.369828  1.059593  0.219606  0.327567
	  0.000100  0.000100  0.000100  0.000100

চ 1
significant   elliptical     1
	  0.289077  0.639640  0.157472  0.327970
	  0.000100  0.000100  0.000100  0.000100

ৈচ 1
significant   elliptical     1
	  0.396860  1.215626  0.212579  0.320986
	  0.000100  0.000100  0.000100  0.000100

চঁ 1
significant   elliptical     1
	  0.271132  0.747346  0.192900  0.327582
	  0.000100  0.000100  0.000100  0.000100

চঃ 1
significant   elliptical     1
	  0.418955  0.973981  0.250452  0.328429
	  0.000100  0.000100  0.000100  0.000100

চী 1
significant   elliptical     1
	  0.397452  0.947966  0.246726  0.307132
	  0.000100  0.000100  0.000100  0.000100

চৃ 1
significant   elliptical     1
	  0.396716  1.142720  0.244888  0.330302
	  0.000100  0.000100  0.000100  0.000100

ছ 1
significant   elliptical     1
	  0.260103  1.004471  0.161779  0.309618
	  0.000100  0.000100  0.000100  0.000100

ৈছ 1
significant   elliptical     1
	  0.378906  1.547010  0.246561  0.308608
	  0.000100  0.000100  0.000100  0.000100

ছঁ 1
significant   elliptical     1
	  0.292900  0.823955  0.183454  0.306947
	  0.000100  0.000100  0.000100  0.000100

ছঃ 1
significant   elliptical     1
	  0.371224  1.051501  0.186528  0.310324
	  0.000100  0.000100  0.000100  0.000100

ছী 1
significant   elliptical     1
	  0.333223  1.780595  0.329313  0.330302
	  0.000100  0.000100  0.000100  0.000100

ছৃ 1
significant   elliptical     1
	  0.448722  1.226250  0.221232  0.318830
	  0.000100  0.000100  0.000100  0.000100

জ 1
significant   elliptical     1
	  0.361325  1.281629  0.211901  0.328352
	  0.000100  0.000100  0.000100  0.000100

ৈজ 1
significant   elliptical     1
	  0.466540  2.044292  0.283655  0.332112
	  0.000100  0.000100  0.000100  0.000100

জঁ 1
significant   elliptical     1
	  0.351494  1.008328  0.212044  0.328056
	  0.000100  0.000100  0.000100  0.000100

জঃ 1
significant   elliptical     1
	  0.451820  1.556653  0.257759  0.330657
	  0.000100  0.000100  0.000100  0.000100

জ় 1
significant   elliptical     1
	  0.417326  0.709182  0.243074  0.323706
	  0.000100  0.000100  0.000100  0.000100

জী 1
significant   elliptical     1
	  0.442715  1.541714  0.235593  0.330625
	  0.000100  0.000100  0.000100  0.000100

জু 1
significant   elliptical     1
	 -0.003470  0.121547  0.078897  0.179626
	  0.000100  0.000100  0.000100  0.000100

জৃ 1
significant   elliptical     1
	  0.425921  1.379036  0.252363  0.314589
	  0.000100  0.000100  0.000100  0.000100

ঝ 1
significant   elliptical     1
	  0.463399  1.329107  0.236693  0.324470
	  0.000100  0.000100  0.000100  0.000100

ৈঝ 1
significant   elliptical     1
	  0.608552  2.296133  0.359709  1.045983
	  0.000100  0.000100  0.000100  0.000100

ঝঁ 1
significant   elliptical     1
	  0.274376  0.765113  0.225602  0.308227
	  0.000100  0.000100  0.000100  0.000100

ঝঃ 1
significant   elliptical     1
	  0.440515  1.175162  0.228729  0.318778
	  0.000100  0.000100  0.000100  0.000100

ঝী 1
significant   elliptical     1
	  0.436292  1.183135  0.212798  0.304788
	  0.000100  0.000100  0.000100  0.000100

ঝু 1
significant   elliptical     1
	 -0.098596  0.127297  0.080726  0.163559
	  0.000100  0.000100  0.000100  0.000100

ঝৃ 1
significant   elliptical     1
	  0.435172  1.103767  0.214280  0.314217
	  0.000100  0.000100  0.000100  0.000100

ঞ 1
significant   elliptical     1
	  0.326940  1.036560  0.175682  0.305964
	  0.000100  0.000100  0.000100  0.000100

ৈঞ 1
significant   elliptical     1
	  0.348874  1.287765  0.220280  0.324613
	  0.000100  0.000100  0.000100  0.000100

ঞঁ 1
significant   elliptical     1
	  0.276472  0.782332  0.214348  0.324286
	  0.000100  0.000100  0.000100  0.000100

ঞঃ 1
significant   elliptical     1
	  0.374398  1.147367  0.195014  0.311006
	  0.000100  0.000100  0.000100  0.000100

ঞ় 1
significant   elliptical     1
	  0.341279  0.612805  0.211816  0.273665
	  0.000100  0.000100  0.000100  0.000100

ঞী 1
significant   elliptical     1
	  0.336952  1.141414  0.183922  0.332105
	  0.000100  0.000100  0.000100  0.000100

ঞু 1
significant   elliptical     1
	 -0.052777  0.106054  0.054259  0.159737
	  0.000100  0.000100  0.000100  0.000100

ঞৃ 1
significant   elliptical     1
	  0.369585  0.906038  0.204424  0.313711
	  0.000100  0.000100  0.000100  0.000100

ট 1
significant   elliptical     1
	  0.282056  0.548856  0.147020  0.248117
	  0.000100  0.000100  0.000100  0.000100

ৈট 1
significant   elliptical     1
	  0.347167  0.923159  0.186012  0.315046
	  0.000100  0.000100  0.000100  0.000100

টঁ 1
significant   elliptical     1
	  0.263694  0.693328  0.190113  0.333404
	  0.000100  0.000100  0.000100  0.000100

টঃ 1
significant   elliptical     1
	  0.379371  0.794112  0.191286  0.326118
	  0.000100  0.000100  0.000100  0.000100

টী 1
significant   elliptical     1
	  0.363558  0.796462  0.216970  0.333321
	  0.000100  0.000100  0.000100  0.000100

টৃ 1
significant   elliptical     1
	  0.378498  0.913392  0.212302  0.321813
	  0.000100  0.000100  0.000100  0.000100

ঠ 1
significant   elliptical     1
	  0.321790  0.731404  0.223739  0.331999
	  0.000100  0.000100  0.000100  0.000100

ৈঠ 1
significant   elliptical     1
	  0.410098  1.232461  0.223836  0.313247
	  0.000100  0.000100  0.000100  0.000100

ঠঁ 1
significant   elliptical     1
	  0.323893  0.846637  0.213708  0.331216
	  0.000100  0.000100  0.000100  0.000100

ঠঃ 1
significant   elliptical     1
	  0.308468  0.698548  0.193138  0.326068
	  0.000100  0.000100  0.000100  0.000100

ঠী 1
significant   elliptical     1
	  0.319611  0.693408  0.206347  0.320075
	  0.000100  0.000100  0.000100  0.000100

ঠৃ 1
significant   elliptical     1
	  0.319161  0.835133  0.185256  0.311623
	  0.000100  0.000100  0.000100  0.000100

ড 1
significant   elliptical     1
	  0.367142  1.024494  0.211351  0.315951
	  0.000100  0.000100  0.000100  0.000100

ৈড 1
significant   elliptical     1
	  0.478900  1.569747  0.313546  0.324127
	  0.000100  0.000100  0.000100  0.000100

ডঁ 1
significant   elliptical     1
	  0.338651  0.811113  0.226439  0.315155
	  0.000100  0.000100  0.000100  0.000100

ডঃ 1
significant   elliptical     1
	  0.418573  1.195984  0.257309  0.312778
	  0.000100  0.000100  0.000100  0.000100

ডী 1
significant   elliptical     1
	  0.399257  1.176482  0.237745  0.324912
	  0.000100  0.000100  0.000100  0.000100

ডৃ 1
significant   elliptical     1
	  0.417612  1.177763  0.244731  0.307535
	  0.000100  0.000100  0.000100  0.000100

ঢ 1
significant   elliptical     1
	  0.298510  0.615531  0.174487  0.312983
	  0.000100  0.000100  0.000100  0.000100

ৈঢ 1
significant   elliptical     1
	  0.438555  1.203490  0.233982  0.309602
	  0.000100  0.000100  0.000100  0.000100

ঢঁ 1
significant   elliptical     1
	  0.297126  0.709005  0.195866  0.311182
	  0.000100  0.000100  0.000100  0.000100

ঢঃ 1
significant   elliptical     1
	  0.474455  0.596131  0.205623  0.317012
	  0.000100  0.000100  0.000100  0.000100

ঢী 1
significant   elliptical     1
	  0.464666  0.593000  0.202479  0.324645
	  0.000100  0.000100  0.000100  0.000100

ঢৃ 1
significant   elliptical     1
	  0.487807  0.593382  0.207736  0.308939
	  0.000100  0.000100  0.000100  0.000100

ণ 1
significant   elliptical     1
	  0.450337  0.645091  0.208072  0.328887
	  0.000100  0.000100  0.000100  0.000100

ৈণ 1
significant   elliptical     1
	  0.474021  0.908661  0.257517  0.327218
	  0.000100  0.000100  0.000100  0.000100

ণঁ 1
significant   elliptical     1
	  0.427317  0.850753  0.245671  0.326809
	  0.000100  0.000100  0.000100  0.000100

ণঃ 1
significant   elliptical     1
	  0.436277  0.659731  0.210631  0.307622
	  0.000100  0.000100  0.000100  0.000100

ণী 1
significant   elliptical     1
	  0.440611  0.656107  0.193024  0.325222
	  0.000100  0.000100  0.000100  0.000100

ণৃ 1
significant   elliptical     1
	  0.478409  0.695913  0.181297  0.306356
	  0.000100  0.000100  0.000100  0.000100

ত 1
significant   elliptical     1
	  0.365867  1.259167  0.205221  0.318517
	  0.000100  0.000100  0.000100  0.000100

ৈত 1
significant   elliptical     1
	  0.468566  2.002801  0.279801  0.321246
	  0.000100  0.000100  0.000100  0.000100

তঁ 1
significant   elliptical     1
	  0.315470  0.685138  0.212634  0.332460
	  0.000100  0.000100  0.000100  0.000100

তঃ 1
significant   elliptical     1
	  0.397706  1.211162  0.257335  0.321117
	  0.000100  0.000100  0.000100  0.000100

তী 1
significant   elliptical     1
	  0.394341  1.225666  0.245583  0.330619
	  0.000100  0.000100  0.000100  0.000100

তু 1
significant   elliptical     1
	 -0.228279  0.169105  0.118710  0.235771
	  0.000100  0.000100  0.000100  0.000100

তৃ 1
significant   elliptical     1
	  0.386148  1.193372  0.264118  0.313775
	  0.000100  0.000100  0.000100  0.000100

থ 1
significant   elliptical     1
	  0.362725  1.091121  0.260758  0.330153
	  0.000100  0.000100  0.000100  0.000100

ৈথ 1
significant   elliptical     1
	  0.383879  1.400740  0.308827  0.329008
	  0.000100  0.000100  0.000100  0.000100

থঁ 1
significant   elliptical     1
	  0.332061  1.287453  0.286974  0.311594
	  0.000100  0.000100  0.000100  0.000100

থঃ 1
significant   elliptical     1
	  0.435875  0.834373  0.194835  0.325768
	  0.000100  0.000100  0.000100  0.000100

থী 1
significant   elliptical     1
	  0.450227  0.837327  0.197667  0.317224
	  0.000100  0.000100  0.000100  0.000100

থৃ 1
significant   elliptical     1
	  0.451270  0.875282  0.198625  0.316742
	  0.000100  0.000100  0.000100  0.000100

দ 1
significant   elliptical     1
	  0.348682  0.563429  0.154075  0.305143
	  0.000100  0.000100  0.000100  0.000100

ৈদ 1
significant   elliptical     1
	  0.445476  1.131478  0.208763  0.327731
	  0.000100  0.000100  0.000100  0.000100

দঁ 1
significant   elliptical     1
	  0.301108  0.681239  0.169604  0.333424
	  0.000100  0.000100  0.000100  0.000100

দঃ 1
significant   elliptical     1
	  0.462843  0.818665  0.217121  0.314435
	  0.000100  0.000100  0.000100  0.000100

দী 1
significant   elliptical     1
	  0.485028  0.794329  0.211968  0.331059
	  0.000100  0.000100  0.000100  0.000100

দৃ 1
significant   elliptical     1
	  0.460732  0.716178  0.215423  0.317209
	  0.000100  0.000100  0.000100  0.000100

ধ 1
significant   elliptical     1
	  0.394130  0.999028  0.267246  0.325869
	  0.000100  0.000100  0.000100  0.000100

ৈধ 1
significant   elliptical     1
	  0.375871  1.313923  0.302767  0.326116
	  0.000100  0.000100  0.000100  0.000100

ধঁ 1
significant   elliptical     1
	  0.294926  1.195127  0.303134  0.322432
	  0.000100  0.000100  0.000100  0.000100

ধঃ 1
significant   elliptical     1
	  0.410191  0.778303  0.204852  0.312861
	  0.000100  0.000100  0.000100  0.000100

ধী 1
significant   elliptical     1
	  0.430636  0.804924  0.200974  0.315354
	  0.000100  0.000100  0.000100  0.000100

ধৃ 1
significant   elliptical     1
	  0.442729  0.853641  0.215729  0.314475
	  0.000100  0.000100  0.000100  0.000100

ন 1
significant   elliptical     1
	  0.351876  0.556602  0.133817  0.320420
	  0.000100  0.000100  0.000100  0.000100

ৈন 1
significant   elliptical     1
	  0.455592  1.141819  0.223568  0.310659
	  0.000100  0.000100  0.000100  0.000100

নঁ 1
significant   elliptical     1
	  0.309204  0.717378  0.179498  0.321793
	  0.000100  0.000100  0.000100  0.000100

নঃ 1
significant   elliptical     1
	  0.480123  0.838515  0.202598  0.333642
	  0.000100  0.000100  0.000100  0.000100

নী 1
significant   elliptical     1
	  0.485983  0.837763  0.206856  0.321955
	  0.000100  0.000100  0.000100  0.000100

নৃ 1
significant   elliptical     1
	  0.509817  0.886317  0.216848  0.323265
	  0.000100  0.000100  0.000100  0.000100

প 1
significant   elliptical     1
	  0.254913  0.821337  0.208932  0.314829
	  0.000100  0.000100  0.000100  0.000100

ৈপ 1
significant   elliptical     1
	  0.417947  1.644976  0.305086  0.328416
	  0.000100  0.000100  0.000100  0.000100

পঁ 1
significant   elliptical     1
	  0.219545  0.931872  0.234775  0.323574
	  0.000100  0.000100  0.000100  0.000100

পঃ 1
significant   elliptical     1
	  0.358455  1.140372  0.286578  0.331721
	  0.000100  0.000100  0.000100  0.000100

পী 1
significant   elliptical     1
	  0.371032  1.155918  0.274609  0.323811
	  0.000100  0.000100  0.000100  0.000100

পু 1
significant   elliptical     1
	 -0.485253  0.187362  0.106674  0.239011
	  0.000100  0.000100  0.000100  0.000100

পৃ 1
significant   elliptical     1
	  0.357938  1.127985  0.283622  0.320879
	  0.000100  0.000100  0.000100  0.000100

ফ 1
significant   elliptical     1
	  0.315082  0.881720  0.136333  0.319994
	  0.000100  0.000100  0.000100  0.000100

ৈফ 1
significant   elliptical     1
	  0.410479  1.433941  0.220761  0.316708
	  0.000100  0.000100  0.000100  0.000100

ফঁ 1
significant   elliptical     1
	  0.301177  0.753191  0.152936  0.317596
	  0.000100  0.000100  0.000100  0.000100

ফঃ 1
significant   elliptical     1
	  0.351470  1.679506  0.266171  0.327112
	  0.000100  0.000100  0.000100  0.000100

ফ় 1
significant   elliptical     1
	  0.248398  0.860561  0.283834  0.318648
	  0.000100  0.000100  0.000100  0.000100

ফী 1
significant   elliptical     1
	  0.358668  1.697894  0.267460  0.307008
	  0.000100  0.000100  0.000100  0.000100

ফু 1
significant   elliptical     1
	 -0.354976  0.165540  0.085081  0.209993
	  0.000100  0.000100  0.000100  0.000100

ফৃ 1
significant   elliptical     1
	  0.359539  1.539795  0.288686  0.319151
	  0.000100  0.000100  0.000100  0.000100

ব 1
significant   elliptical     1
	  0.318392  0.662128  0.166490  0.334340
	  0.000100  0.000100  0.000100  0.000100

ৈব 1
significant   elliptical     1
	  0.426533  1.252874  0.213549  0.321460
	  0.000100  0.000100  0.000100  0.000100

বঁ 1
significant   elliptical     1
	  0.303723  0.778595  0.182026  0.319255
	  0.000100  0.000100  0.000100  0.000100

বঃ 1
significant   elliptical     1
	  0.472948  0.963040  0.204962  0.319001
	  0.000100  0.000100  0.000100  0.000100

বী 1
significant   elliptical     1
	  0.469695  0.956764  0.227493  0.312737
	  0.000100  0.000100  0.000100  0.000100

বৃ 1
significant   elliptical     1
	  0.484737  1.033625  0.205683  0.317261
	  0.000100  0.000100  0.000100  0.000100

ভ 1
significant   elliptical     1
	  0.353462  1.224361  0.238193  0.310657
	  0.000100  0.000100  0.000100  0.000100

ৈভ 1
significant   elliptical     1
	  0.425092  1.575318  0.332934  1.274736
	  0.000100  0.000100  0.000100  0.000100

ভঁ 1
significant   elliptical     1
	  0.412834  1.088099  0.327826  0.308118
	  0.000100  0.000100  0.000100  0.000100

ভঃ 1
significant   elliptical     1
	  0.343705  1.153874  0.223329  0.323209
	  0.000100  0.000100  0.000100  0.000100

ভ় 1
significant   elliptical     1
	  0.458642  0.791683  0.255745  0.322214
	  0.000100  0.000100  0.000100  0.000100

ভী 1
significant   elliptical     1
	  0.353550  1.153677  0.203716  0.315432
	  0.000100  0.000100  0.000100  0.000100

ভু 1
significant   elliptical     1
	 -0.136435  0.167146  0.093013  0.219397
	  0.000100  0.000100  0.000100  0.000100

ভৃ 1
significant   elliptical     1
	  0.355850  1.171350  0.208533  0.318686
	  0.000100  0.000100  0.000100  0.000100

ম 1
significant   elliptical     1
	  0.276960  0.733835  0.180125  0.334865
	  0.000100  0.000100  0.000100  0.000100

ৈম 1
significant   elliptical     1
	  0.375948  1.312668  0.246319  0.316125
	  0.000100  0.000100  0.000100  0.000100

মঁ 1
significant   elliptical     1
	  0.285920  0.808520  0.182838  0.313218
	  0.000100  0.000100  0.000100  0.000100

মঃ 1
significant   elliptical     1
	  0.431926  1.070228  0.273146  0.324162
	  0.000100  0.000100  0.000100  0.000100

মী 1
significant   elliptical     1
	  0.420895  1.094907  0.251846  0.313508
	  0.000100  0.000100  0.000100  0.000100

মু 1
significant   elliptical     1
	 -0.061182  0.125484  0.078160  0.177382
	  0.000100  0.000100  0.000100  0.000100

মৃ 1
significant   elliptical     1
	  0.402395  1.074296  0.275685  0.305120
	  0.000100  0.000100  0.000100  0.000100

য 1
significant   elliptical     2
	  0.305627  0.640728  0.154914  0.317323
	  0.000100  0.000100  0.000100  0.000116

ৈয 1
significant   elliptical     2
	  0.425367  1.213038  0.212807  0.315942
	  0.000180  0.000100  0.000181  0.000164

যঁ 1
significant   elliptical     2
	  0.293281  0.754819  0.156574  0.321459
	  0.000100  0.000100  0.000100  0.000116

যঃ 1
significant   elliptical     2
	  0.395000  0.958157  0.226194  0.321217
	  0.000143  0.000100  0.000100  0.000223

যী 1
significant   elliptical     2
	  0.396053  0.940688  0.224078  0.319226
	  0.000100  0.000100  0.000100  0.000162

যৃ 1
significant   elliptical     2
	  0.465379  0.983711  0.209745  0.322183
	  0.000159  0.000385  0.000100  0.000100

র 1
significant   elliptical     1
	  0.350030  0.876540  0.213274  0.314925
	  0.000100  0.000100  0.000100  0.000100

ৈর 1
significant   elliptical     1
	  0.551229  1.584275  0.276296  0.306255
	  0.000100  0.000100  0.000100  0.000100

রঁ 1
significant   elliptical     1
	  0.324740  0.815338  0.209335  0.325997
	  0.000100  0.000100  0.000100  0.000100

রঃ 1
significant   elliptical     1
	  0.434506  1.007434  0.246171  0.313997
	  0.000100  0.000100  0.000100  0.000100

রী 1
significant   elliptical     1
	  0.423730  1.003563  0.241128  0.306357
	  0.000100  0.000100  0.000100  0.000100

রৃ 1
significant   elliptical     1
	  0.417233  1.071320  0.230286  0.308942
	  0.000100  0.000100  0.000100  0.000100

ল 1
significant   elliptical     1
	  0.299660  1.018609  0.195768  0.334234
	  0.000100  0.000100  0.000100  0.000100

ৈল 1
significant   elliptical     1
	  0.388470  1.844148  0.272471  0.312717
	  0.000100  0.000100  0.000100  0.000100

লঁ 1
significant   elliptical     1
	  0.244907  1.076761  0.225299  0.319573
	  0.000100  0.000100  0.000100  0.000100

লঃ 1
significant   elliptical     1
	  0.502049  1.100035  0.188329  0.322882
	  0.000100  0.000100  0.000100  0.000100

লী 1
significant   elliptical     1
	  0.511075  1.077354  0.180130  0.324487
	  0.000100  0.000100  0.000100  0.000100

লু 1
significant   elliptical     1
	 -0.096463  0.109504  0.083797  0.167111
	  0.000100  0.000100  0.000100  0.000100

লৃ 1
significant   elliptical     1
	  0.498616  1.056177  0.184406  0.314286
	  0.000100  0.000100  0.000100  0.000100

শ 1
significant   elliptical     1
	  0.353278  0.689691  0.131041  0.313094
	  0.000100  0.000100  0.000100  0.000100

ৈশ 1
significant   elliptical     1
	  0.443850  1.238138  0.194204  0.328412
	  0.000100  0.000100  0.000100  0.000100

শঁ 1
significant   elliptical     1
	  0.304941  0.675268  0.148943  0.331097
	  0.000100  0.000100  0.000100  0.000100

শঃ 1
significant   elliptical     1
	  0.366482  1.635179  0.306921  0.325561
	  0.000100  0.000100  0.000100  0.000100

শী 1
significant   elliptical     1
	  0.356307  1.642905  0.304694  0.312694
	  0.000100  0.000100  0.000100  0.000100

শু 1
significant   elliptical     1
	 -0.638336  0.207480  0.133276  0.288638
	  0.000100  0.000100  0.000100  0.000100

শৃ 1
significant   elliptical     1
	  0.336908  1.548322  0.330748  0.327710
	  0.000100  0.000100  0.000100  0.000100

ষ 1
significant   elliptical     1
	  0.307624  0.676873  0.138091  0.305433
	  0.000100  0.000100  0.000100  0.000100

ৈষ 1
significant   elliptical     1
	  0.402503  1.251162  0.212278  0.326820
	  0.000100  0.000100  0.000100  0.000100

ষঁ 1
significant   elliptical     1
	  0.310786  0.755701  0.163045  0.307133
	  0.000100  0.000100  0.000100  0.000100

ষঃ 1
significant   elliptical     1
	  0.380968  0.992848  0.231981  0.306043
	  0.000100  0.000100  0.000100  0.000100

ষী 1
significant   elliptical     1
	  0.393263  0.984605  0.225355  0.323788
	  0.000100  0.000100  0.000100  0.000100

ষৃ 1
significant   elliptical     1
	  0.448215  1.039814  0.230233  0.309877
	  0.000100  0.000100  0.000100  0.000100

স 1
significant   elliptical     1
	  0.339092  0.551399  0.157110  0.304905
	  0.000100  0.000100  0.000100  0.000100

ৈস 1
significant   elliptical     1
	  0.447769  1.126139  0.218554  0.333517
	  0.000100  0.000100  0.000100  0.000100

সঁ 1
significant   elliptical     1
	  0.299888  0.700786  0.178013  0.307858
	  0.000100  0.000100  0.000100  0.000100

সঃ 1
significant   elliptical     1
	  0.465622  0.797323  0.216710  0.307657
	  0.000100  0.000100  0.000100  0.000100

সী 1
significant   elliptical     1
	  0.488179  0.798897  0.196822  0.333991
	  0.000100  0.000100  0.000100  0.000100

সৃ 1
significant   elliptical     1
	  0.504246  0.833490  0.218160  0.331102
	  0.000100  0.000100  0.000100  0.000100

হ 1
significant   elliptical     1
	  0.323173  1.109924  0.236922  0.318262
	  0.000100  0.000100  0.000100  0.000100

ৈহ 1
significant   elliptical     1
	  0.489188  1.936299  0.331265  0.757968
	  0.000100  0.000100  0.000100  0.000100

হঁ 1
significant   elliptical     1
	  0.318946  1.193847  0.234749  0.325308
	  0.000100  0.000100  0.000100  0.000100

হঃ 1
significant   elliptical     1
	  0.319983  1.134166  0.244765  0.311276
	  0.000100  0.000100  0.000100  0.000100

হী 1
significant   elliptical     1
	  0.337291  1.123173  0.236324  0.334163
	  0.000100  0.000100  0.000100  0.000100

হৃ 1
significant   elliptical     1
	  0.336506  1.315920  0.231665  0.320779
	  0.000100  0.000100  0.000100  0.000100

য় 1
significant   elliptical     1
	  0.316825  0.670323  0.157482  0.317394
	  0.000100  0.000100  0.000100  0.000100

ৈয় 1
significant   elliptical     1
	  0.431951  1.236807  0.231923  0.311616
	  0.000100  0.000100  0.000100  0.000100

োয় 1
significant   elliptical     1
	 -0.057367  0.081616  0.047090  0.100703
	  0.000100  0.000100  0.000100  0.000100

য়ঁ 1
significant   elliptical     1
	  0.310405  0.738667  0.175696  0.333880
	  0.000100  0.000100  0.000100  0.000100

য়ঃ 1
significant   elliptical     1
	  0.405446  0.959186  0.225451  0.324537
	  0.000100  0.000100  0.000100  0.000100

য়় 1
significant   elliptical     1
	  0.344254  0.651162  0.211013  0.287619
	  0.000100  0.000100  0.000100  0.000100

য়ী 1
significant   elliptical     1
	  0.415526  0.934124  0.226748  0.323428
	  0.000100  0.000100  0.000100  0.000100

য়ু 1
significant   elliptical     1
	 -0.112843  0.112701  0.060809  0.180544
	  0.000100  0.000100  0.000100  0.000100

য়ৃ 1
significant   elliptical     1
	  0.456071  0.940166  0.208876  0.325522
	  0.000100  0.000100  0.000100  0.000100
